0.192 0.0002496 0
0.1824 0.0021888000000000003 0
0.1728 0.0039936 0
0.15360000000000001 0.0072 0
0.1344 0.0099456 0
0.1152 0.0122112 0
0.096 0.013900800000000001 0
0.07680000000000001 0.014976 0
0.0576 0.0151296 0
0.048 0.0147264 0
0.038400000000000004 0.0139392 0
0.0288 0.012691200000000001 0
0.019200000000000002 0.0108096 0
0.0144 0.009523199999999999 0
0.009600000000000001 0.0079296 0
0.0048000000000000004 0.0057408 0
0.0024000000000000002 0.004128 0
0.0 0.0 0
0.0024000000000000002 -0.0031680000000000002 0
0.0048000000000000004 -0.0043584 0
0.009600000000000001 -0.0057792 0
0.0144 -0.0066432 0
0.019200000000000002 -0.0072 0
0.0288 -0.007872 0
0.038400000000000004 -0.0081216 0
0.048 -0.008102400000000001 0
0.0576 -0.0079104 0
0.07680000000000001 -0.007296 0
0.096 -0.0064128 0
0.1152 -0.0052992000000000004 0
0.1344 -0.0041088 0
0.15360000000000001 -0.0028799999999999997 0
0.1728 -0.0015744 0
0.1824 -0.0009216 0
0.192 -0.0002496 0
